{
 "cells": [
  {
   "cell_type": "markdown",
   "metadata": {
    "colab_type": "text",
    "id": "BHdMfFcnf_Ki"
   },
   "source": [
    "## Logistic Regression Modeling for Early Stage Diabetes Risk Prediction"
   ]
  },
  {
   "cell_type": "markdown",
   "metadata": {},
   "source": [
    "## Part 2.1: Getting familiar with linear algebraic functions"
   ]
  },
  {
   "cell_type": "markdown",
   "metadata": {},
   "source": [
    "#### Tasks\n",
    "- Create matrix of size 10*10 with random integer numbers\n",
    "- Compute the following linear algebric operations on the matrix using built in functions supported in Numpy, Scipy etc.\n",
    "  - Find inverse of the matrix and print it\n",
    "  - Calculate dot product of the matrix with same matrix in transpose A.AT\n",
    "  - Decompose the original matrix using eigen decomposition print the eigen values and eigen vectors\n",
    "  - Calculate jacobian matrix \n",
    "  - Calculate hessian matrix"
   ]
  },
  {
   "cell_type": "code",
   "execution_count": 15,
   "metadata": {},
   "outputs": [],
   "source": [
    "import numpy as np\n",
    "import pandas as pd\n",
    "import matplotlib.pyplot as plt\n",
    "from sklearn.model_selection import train_test_split\n",
    "from sklearn.linear_model import LogisticRegression\n",
    "from sklearn.metrics import accuracy_score"
   ]
  },
  {
   "cell_type": "code",
   "execution_count": 16,
   "metadata": {},
   "outputs": [
    {
     "name": "stdout",
     "output_type": "stream",
     "text": [
      "[[ 0.77054599 -0.28763519  0.7571519   0.77066525 -0.44192557  1.09620001\n",
      "   1.06973528 -0.99789077 -0.15782934 -0.85309718]\n",
      " [ 1.47167029  0.50696603  0.86347052 -0.78669753 -0.62864718  1.98159446\n",
      "   1.16451263  1.42759183  1.61582227 -1.18518868]\n",
      " [ 0.03511474 -0.02885358  0.66270516 -0.05142918  0.99484396  0.86035218\n",
      "   0.76852296 -0.5455213  -0.49289765  0.83617297]\n",
      " [ 0.37054886 -0.44470253 -0.72134538 -0.70353285 -0.05827808 -0.03552508\n",
      "   1.58773023  2.25314568 -0.50480873 -0.61960323]\n",
      " [-0.54703226 -0.07625986  0.52209955 -1.13017803 -0.79332013 -1.34583512\n",
      "  -0.27795412 -0.69960169 -1.34999843 -0.07389336]\n",
      " [ 0.22591812  1.01910762  0.23108596  0.30693304 -1.8301436   0.70454768\n",
      "  -0.55472024  0.606036   -0.54689753  0.17405671]\n",
      " [-0.6284526   0.82979032  0.7665682  -1.3191466  -2.11844414 -0.10249917\n",
      "  -0.58531646 -1.67406301 -1.00748503  0.11054745]\n",
      " [ 0.57408788  0.7502042   0.41613508 -0.38049185 -0.799523    0.33090875\n",
      "  -1.02754074  0.65345781 -1.05193747  0.66616035]\n",
      " [-1.78205581  0.04702526 -0.53798968 -0.45827247  0.70681387 -0.37976431\n",
      "  -0.69977402  0.2989258   1.27504765  0.98353853]\n",
      " [ 0.29457043 -1.68038794 -0.73039004  1.59035091 -0.9132009   0.38412644\n",
      "   0.46926968 -0.20827298 -0.58239889 -0.46658071]]\n"
     ]
    }
   ],
   "source": [
    "mat = np.random.randn(10, 10)\n",
    "mat.shape\n",
    "print(mat)"
   ]
  },
  {
   "cell_type": "code",
   "execution_count": 17,
   "metadata": {},
   "outputs": [
    {
     "data": {
      "text/plain": [
       "array([[-2.36330182,  0.64730186,  0.88739442, -0.70425843,  0.1149768 ,\n",
       "         0.47782538,  0.04226979, -1.23245274, -1.4839623 ,  0.48464839],\n",
       "       [ 0.21282469, -0.36359537, -0.15109821,  0.20205861, -0.46417735,\n",
       "         0.36157589,  0.14037969, -0.27052716, -0.21825519, -0.60931655],\n",
       "       [ 0.17189349,  0.42165445,  0.36504479, -0.48595328,  1.29076059,\n",
       "         0.61908072, -0.85805596, -0.17606811,  0.2637798 ,  0.04206236],\n",
       "       [-0.01452717, -0.07155963,  0.15478882, -0.2505055 ,  0.32903277,\n",
       "         0.75476778, -0.51759131, -0.50021954, -0.09740314,  0.00570856],\n",
       "       [ 1.58340288, -0.54150236, -0.68117285,  0.48387311, -0.47692654,\n",
       "        -0.91974377, -0.00920397,  1.21123234,  0.65991999, -0.53224103],\n",
       "       [ 2.25189424, -0.5688843 , -0.92611907,  0.78039049, -0.99817677,\n",
       "        -1.23334731,  0.49377932,  1.91297647,  1.18732113, -0.31930203],\n",
       "       [-1.71696476,  0.41283107,  1.12826949, -0.29745528,  0.41486581,\n",
       "         1.10321899, -0.07496588, -1.81415122, -0.94447846,  0.25466287],\n",
       "       [ 0.40837029,  0.03211363, -0.14534095,  0.15411229,  0.36718435,\n",
       "         0.17972703, -0.43410711,  0.34588583,  0.3977777 , -0.05498086],\n",
       "       [-1.81992496,  0.7148855 ,  0.72145147, -0.72893947,  0.42508001,\n",
       "         0.76308944, -0.16153608, -1.43809712, -0.70624926,  0.40965331],\n",
       "       [-3.45972732,  0.91420247,  1.93044587, -1.02812255,  0.679695  ,\n",
       "         1.4645756 , -0.15535667, -2.21284773, -1.4557955 ,  0.85895866]])"
      ]
     },
     "execution_count": 17,
     "metadata": {},
     "output_type": "execute_result"
    }
   ],
   "source": [
    "inv = np.linalg.inv(mat)\n",
    "inv"
   ]
  },
  {
   "cell_type": "code",
   "execution_count": 18,
   "metadata": {},
   "outputs": [
    {
     "name": "stdout",
     "output_type": "stream",
     "text": [
      "[[ 6.1334362   4.06290191  1.7319054  -0.62979415 -1.32307846  0.61323896\n",
      "   0.77379598 -1.18905558 -4.96301556  3.40736329]\n",
      " [ 4.06290191 15.51887815  0.05791361  5.20089365 -5.08817408  2.48305885\n",
      "  -2.50630238  0.28921051 -3.39323019 -1.10384573]\n",
      " [ 1.7319054   0.05791361  4.0041634  -0.78276413 -0.78835133 -1.44047825\n",
      "  -0.6134341  -0.28748746 -0.52737723 -0.71382037]\n",
      " [-0.62979415  5.20089365 -0.78276413  9.59131554 -0.946587   -0.01751432\n",
      "  -4.36082035 -0.15938931 -1.68905335  1.16289758]\n",
      " [-1.32307846 -5.08817408 -0.78835133 -0.946587    6.69023617  0.53179628\n",
      "   6.67595386  1.66429959 -0.64994155 -1.16823206]\n",
      " [ 0.61323896  2.48305885 -1.44047825 -0.01751432  0.53179628  6.0874278\n",
      "   4.16113873  4.2272643  -2.137579    0.46609185]\n",
      " [ 0.77379598 -2.50630238 -0.6134341  -4.36082035  6.67595386  4.16113873\n",
      "  12.08191999  3.38343307 -1.37403377 -1.73293084]\n",
      " [-1.18905558  0.28921051 -0.28748746 -0.15938931  1.66429959  4.2272643\n",
      "   3.38343307  4.99225245 -1.49976115 -1.459807  ]\n",
      " [-4.96301556 -3.39323019 -0.52737723 -1.68905335 -0.64994155 -2.137579\n",
      "  -1.37403377 -1.49976115  7.49332247 -3.32330126]\n",
      " [ 3.40736329 -1.10384573 -0.71382037  1.16289758 -1.16823206  0.46609185\n",
      "  -1.73293084 -1.459807   -3.32330126  7.77512766]]\n"
     ]
    }
   ],
   "source": [
    "dot = np.dot(mat,mat.T)\n",
    "print(dot)"
   ]
  },
  {
   "cell_type": "code",
   "execution_count": 19,
   "metadata": {
    "scrolled": true
   },
   "outputs": [
    {
     "name": "stdout",
     "output_type": "stream",
     "text": [
      "eigen value: [ 3.37373058+0.j          1.82995417+1.17813902j  1.82995417-1.17813902j\n",
      " -1.88469875+1.15951213j -1.88469875-1.15951213j  0.72749514+1.14443267j\n",
      "  0.72749514-1.14443267j -1.21001934+0.57455196j -1.21001934-0.57455196j\n",
      " -0.27467285+0.j        ]\n",
      "eigen vector: [[ 0.17952804+0.j         -0.24090982-0.1793933j  -0.24090982+0.1793933j\n",
      "  -0.06823666-0.03693453j -0.06823666+0.03693453j  0.11600194+0.00180752j\n",
      "   0.11600194-0.00180752j  0.20574191-0.08152922j  0.20574191+0.08152922j\n",
      "  -0.30708865+0.j        ]\n",
      " [ 0.51395021+0.j          0.16533283-0.29184445j  0.16533283+0.29184445j\n",
      "   0.42784048+0.10253564j  0.42784048-0.10253564j -0.41135132+0.03988389j\n",
      "  -0.41135132-0.03988389j -0.27026736-0.25625521j -0.27026736+0.25625521j\n",
      "  -0.10059044+0.j        ]\n",
      " [ 0.07743127+0.j         -0.25816736+0.12085206j -0.25816736-0.12085206j\n",
      "   0.21166572-0.09730972j  0.21166572+0.09730972j  0.18843958-0.52950831j\n",
      "   0.18843958+0.52950831j -0.39283918+0.15115559j -0.39283918-0.15115559j\n",
      "  -0.21550728+0.j        ]\n",
      " [ 0.22748057+0.j         -0.16247509+0.11299668j -0.16247509-0.11299668j\n",
      "   0.67376872+0.j          0.67376872-0.j         -0.03289843+0.05356486j\n",
      "  -0.03289843-0.05356486j -0.56989575+0.j         -0.56989575-0.j\n",
      "  -0.20058369+0.j        ]\n",
      " [-0.2276698 +0.j         -0.1973081 -0.00261689j -0.1973081 +0.00261689j\n",
      "  -0.00620751+0.21495117j -0.00620751-0.21495117j -0.09194706-0.13573461j\n",
      "  -0.09194706+0.13573461j  0.07700919-0.13414259j  0.07700919+0.13414259j\n",
      "   0.26277673+0.j        ]\n",
      " [ 0.55601114+0.j          0.02452102+0.09918707j  0.02452102-0.09918707j\n",
      "  -0.27570272+0.03368833j -0.27570272-0.03368833j  0.04965629+0.14266937j\n",
      "   0.04965629-0.14266937j  0.31496781+0.06278623j  0.31496781-0.06278623j\n",
      "   0.52890756+0.j        ]\n",
      " [ 0.03708681+0.j          0.02446888-0.31125789j  0.02446888+0.31125789j\n",
      "  -0.14783973+0.33520489j -0.14783973-0.33520489j  0.14030739+0.06495122j\n",
      "   0.14030739-0.06495122j  0.04509615-0.25735495j  0.04509615+0.25735495j\n",
      "  -0.33773951+0.j        ]\n",
      " [ 0.41288883+0.j         -0.17709402+0.33215145j -0.17709402-0.33215145j\n",
      "  -0.09133945+0.12538625j -0.09133945-0.12538625j -0.02785748-0.20733182j\n",
      "  -0.02785748+0.20733182j -0.07709802-0.01828492j -0.07709802+0.01828492j\n",
      "  -0.02957934+0.j        ]\n",
      " [-0.33603797+0.j          0.57415393+0.j          0.57415393-0.j\n",
      "   0.05626575-0.02056014j  0.05626575+0.02056014j -0.03220104-0.06991335j\n",
      "  -0.03220104+0.06991335j -0.06914082+0.04627509j -0.06914082-0.04627509j\n",
      "  -0.30105493+0.j        ]\n",
      " [ 0.01121574+0.j         -0.11489541+0.21319685j -0.11489541-0.21319685j\n",
      "  -0.05031647+0.06625313j -0.05031647-0.06625313j  0.61041712+0.j\n",
      "   0.61041712-0.j          0.17473661-0.26700262j  0.17473661+0.26700262j\n",
      "  -0.50450879+0.j        ]]\n"
     ]
    }
   ],
   "source": [
    "i_val,i_vector = np.linalg.eig(mat)\n",
    "print(\"eigen value:\",i_val)\n",
    "print(\"eigen vector:\",i_vector)"
   ]
  },
  {
   "cell_type": "code",
   "execution_count": 20,
   "metadata": {},
   "outputs": [
    {
     "name": "stdout",
     "output_type": "stream",
     "text": [
      "[[[ 1.54109199 -0.57527037  1.51430381  1.5413305  -0.88385114\n",
      "    2.19240002  2.13947057 -1.99578154 -0.31565867 -1.70619437]\n",
      "  [ 0.          0.          0.          0.          0.\n",
      "    0.          0.          0.          0.          0.        ]\n",
      "  [ 0.          0.          0.          0.          0.\n",
      "    0.          0.          0.          0.          0.        ]\n",
      "  [ 0.          0.          0.          0.          0.\n",
      "    0.          0.          0.          0.          0.        ]\n",
      "  [ 0.          0.          0.          0.          0.\n",
      "    0.          0.          0.          0.          0.        ]\n",
      "  [ 0.          0.          0.          0.          0.\n",
      "    0.          0.          0.          0.          0.        ]\n",
      "  [ 0.          0.          0.          0.          0.\n",
      "    0.          0.          0.          0.          0.        ]\n",
      "  [ 0.          0.          0.          0.          0.\n",
      "    0.          0.          0.          0.          0.        ]\n",
      "  [ 0.          0.          0.          0.          0.\n",
      "    0.          0.          0.          0.          0.        ]\n",
      "  [ 0.          0.          0.          0.          0.\n",
      "    0.          0.          0.          0.          0.        ]]\n",
      "\n",
      " [[ 0.          0.          0.          0.          0.\n",
      "    0.          0.          0.          0.          0.        ]\n",
      "  [ 2.94334057  1.01393206  1.72694104 -1.57339507 -1.25729437\n",
      "    3.96318893  2.32902526  2.85518367  3.23164453 -2.37037736]\n",
      "  [ 0.          0.          0.          0.          0.\n",
      "    0.          0.          0.          0.          0.        ]\n",
      "  [ 0.          0.          0.          0.          0.\n",
      "    0.          0.          0.          0.          0.        ]\n",
      "  [ 0.          0.          0.          0.          0.\n",
      "    0.          0.          0.          0.          0.        ]\n",
      "  [ 0.          0.          0.          0.          0.\n",
      "    0.          0.          0.          0.          0.        ]\n",
      "  [ 0.          0.          0.          0.          0.\n",
      "    0.          0.          0.          0.          0.        ]\n",
      "  [ 0.          0.          0.          0.          0.\n",
      "    0.          0.          0.          0.          0.        ]\n",
      "  [ 0.          0.          0.          0.          0.\n",
      "    0.          0.          0.          0.          0.        ]\n",
      "  [ 0.          0.          0.          0.          0.\n",
      "    0.          0.          0.          0.          0.        ]]\n",
      "\n",
      " [[ 0.          0.          0.          0.          0.\n",
      "    0.          0.          0.          0.          0.        ]\n",
      "  [ 0.          0.          0.          0.          0.\n",
      "    0.          0.          0.          0.          0.        ]\n",
      "  [ 0.07022948 -0.05770716  1.32541033 -0.10285837  1.98968792\n",
      "    1.72070437  1.53704592 -1.09104259 -0.98579529  1.67234593]\n",
      "  [ 0.          0.          0.          0.          0.\n",
      "    0.          0.          0.          0.          0.        ]\n",
      "  [ 0.          0.          0.          0.          0.\n",
      "    0.          0.          0.          0.          0.        ]\n",
      "  [ 0.          0.          0.          0.          0.\n",
      "    0.          0.          0.          0.          0.        ]\n",
      "  [ 0.          0.          0.          0.          0.\n",
      "    0.          0.          0.          0.          0.        ]\n",
      "  [ 0.          0.          0.          0.          0.\n",
      "    0.          0.          0.          0.          0.        ]\n",
      "  [ 0.          0.          0.          0.          0.\n",
      "    0.          0.          0.          0.          0.        ]\n",
      "  [ 0.          0.          0.          0.          0.\n",
      "    0.          0.          0.          0.          0.        ]]\n",
      "\n",
      " [[ 0.          0.          0.          0.          0.\n",
      "    0.          0.          0.          0.          0.        ]\n",
      "  [ 0.          0.          0.          0.          0.\n",
      "    0.          0.          0.          0.          0.        ]\n",
      "  [ 0.          0.          0.          0.          0.\n",
      "    0.          0.          0.          0.          0.        ]\n",
      "  [ 0.74109773 -0.88940505 -1.44269075 -1.40706571 -0.11655617\n",
      "   -0.07105017  3.17546047  4.50629135 -1.00961745 -1.23920647]\n",
      "  [ 0.          0.          0.          0.          0.\n",
      "    0.          0.          0.          0.          0.        ]\n",
      "  [ 0.          0.          0.          0.          0.\n",
      "    0.          0.          0.          0.          0.        ]\n",
      "  [ 0.          0.          0.          0.          0.\n",
      "    0.          0.          0.          0.          0.        ]\n",
      "  [ 0.          0.          0.          0.          0.\n",
      "    0.          0.          0.          0.          0.        ]\n",
      "  [ 0.          0.          0.          0.          0.\n",
      "    0.          0.          0.          0.          0.        ]\n",
      "  [ 0.          0.          0.          0.          0.\n",
      "    0.          0.          0.          0.          0.        ]]\n",
      "\n",
      " [[ 0.          0.          0.          0.          0.\n",
      "    0.          0.          0.          0.          0.        ]\n",
      "  [ 0.          0.          0.          0.          0.\n",
      "    0.          0.          0.          0.          0.        ]\n",
      "  [ 0.          0.          0.          0.          0.\n",
      "    0.          0.          0.          0.          0.        ]\n",
      "  [ 0.          0.          0.          0.          0.\n",
      "    0.          0.          0.          0.          0.        ]\n",
      "  [-1.09406452 -0.15251971  1.04419909 -2.26035607 -1.58664026\n",
      "   -2.69167023 -0.55590824 -1.39920338 -2.69999685 -0.14778671]\n",
      "  [ 0.          0.          0.          0.          0.\n",
      "    0.          0.          0.          0.          0.        ]\n",
      "  [ 0.          0.          0.          0.          0.\n",
      "    0.          0.          0.          0.          0.        ]\n",
      "  [ 0.          0.          0.          0.          0.\n",
      "    0.          0.          0.          0.          0.        ]\n",
      "  [ 0.          0.          0.          0.          0.\n",
      "    0.          0.          0.          0.          0.        ]\n",
      "  [ 0.          0.          0.          0.          0.\n",
      "    0.          0.          0.          0.          0.        ]]\n",
      "\n",
      " [[ 0.          0.          0.          0.          0.\n",
      "    0.          0.          0.          0.          0.        ]\n",
      "  [ 0.          0.          0.          0.          0.\n",
      "    0.          0.          0.          0.          0.        ]\n",
      "  [ 0.          0.          0.          0.          0.\n",
      "    0.          0.          0.          0.          0.        ]\n",
      "  [ 0.          0.          0.          0.          0.\n",
      "    0.          0.          0.          0.          0.        ]\n",
      "  [ 0.          0.          0.          0.          0.\n",
      "    0.          0.          0.          0.          0.        ]\n",
      "  [ 0.45183625  2.03821525  0.46217192  0.61386608 -3.66028719\n",
      "    1.40909536 -1.10944049  1.212072   -1.09379506  0.34811341]\n",
      "  [ 0.          0.          0.          0.          0.\n",
      "    0.          0.          0.          0.          0.        ]\n",
      "  [ 0.          0.          0.          0.          0.\n",
      "    0.          0.          0.          0.          0.        ]\n",
      "  [ 0.          0.          0.          0.          0.\n",
      "    0.          0.          0.          0.          0.        ]\n",
      "  [ 0.          0.          0.          0.          0.\n",
      "    0.          0.          0.          0.          0.        ]]\n",
      "\n",
      " [[ 0.          0.          0.          0.          0.\n",
      "    0.          0.          0.          0.          0.        ]\n",
      "  [ 0.          0.          0.          0.          0.\n",
      "    0.          0.          0.          0.          0.        ]\n",
      "  [ 0.          0.          0.          0.          0.\n",
      "    0.          0.          0.          0.          0.        ]\n",
      "  [ 0.          0.          0.          0.          0.\n",
      "    0.          0.          0.          0.          0.        ]\n",
      "  [ 0.          0.          0.          0.          0.\n",
      "    0.          0.          0.          0.          0.        ]\n",
      "  [ 0.          0.          0.          0.          0.\n",
      "    0.          0.          0.          0.          0.        ]\n",
      "  [-1.2569052   1.65958063  1.53313639 -2.6382932  -4.23688828\n",
      "   -0.20499835 -1.17063292 -3.34812603 -2.01497005  0.22109491]\n",
      "  [ 0.          0.          0.          0.          0.\n",
      "    0.          0.          0.          0.          0.        ]\n",
      "  [ 0.          0.          0.          0.          0.\n",
      "    0.          0.          0.          0.          0.        ]\n",
      "  [ 0.          0.          0.          0.          0.\n",
      "    0.          0.          0.          0.          0.        ]]\n",
      "\n",
      " [[ 0.          0.          0.          0.          0.\n",
      "    0.          0.          0.          0.          0.        ]\n",
      "  [ 0.          0.          0.          0.          0.\n",
      "    0.          0.          0.          0.          0.        ]\n",
      "  [ 0.          0.          0.          0.          0.\n",
      "    0.          0.          0.          0.          0.        ]\n",
      "  [ 0.          0.          0.          0.          0.\n",
      "    0.          0.          0.          0.          0.        ]\n",
      "  [ 0.          0.          0.          0.          0.\n",
      "    0.          0.          0.          0.          0.        ]\n",
      "  [ 0.          0.          0.          0.          0.\n",
      "    0.          0.          0.          0.          0.        ]\n",
      "  [ 0.          0.          0.          0.          0.\n",
      "    0.          0.          0.          0.          0.        ]\n",
      "  [ 1.14817577  1.5004084   0.83227016 -0.7609837  -1.599046\n",
      "    0.6618175  -2.05508147  1.30691563 -2.10387495  1.3323207 ]\n",
      "  [ 0.          0.          0.          0.          0.\n",
      "    0.          0.          0.          0.          0.        ]\n",
      "  [ 0.          0.          0.          0.          0.\n",
      "    0.          0.          0.          0.          0.        ]]\n",
      "\n",
      " [[ 0.          0.          0.          0.          0.\n",
      "    0.          0.          0.          0.          0.        ]\n",
      "  [ 0.          0.          0.          0.          0.\n",
      "    0.          0.          0.          0.          0.        ]\n",
      "  [ 0.          0.          0.          0.          0.\n",
      "    0.          0.          0.          0.          0.        ]\n",
      "  [ 0.          0.          0.          0.          0.\n",
      "    0.          0.          0.          0.          0.        ]\n",
      "  [ 0.          0.          0.          0.          0.\n",
      "    0.          0.          0.          0.          0.        ]\n",
      "  [ 0.          0.          0.          0.          0.\n",
      "    0.          0.          0.          0.          0.        ]\n",
      "  [ 0.          0.          0.          0.          0.\n",
      "    0.          0.          0.          0.          0.        ]\n",
      "  [ 0.          0.          0.          0.          0.\n",
      "    0.          0.          0.          0.          0.        ]\n",
      "  [-3.56411162  0.09405052 -1.07597935 -0.91654494  1.41362775\n",
      "   -0.75952863 -1.39954805  0.59785159  2.5500953   1.96707705]\n",
      "  [ 0.          0.          0.          0.          0.\n",
      "    0.          0.          0.          0.          0.        ]]\n",
      "\n",
      " [[ 0.          0.          0.          0.          0.\n",
      "    0.          0.          0.          0.          0.        ]\n",
      "  [ 0.          0.          0.          0.          0.\n",
      "    0.          0.          0.          0.          0.        ]\n",
      "  [ 0.          0.          0.          0.          0.\n",
      "    0.          0.          0.          0.          0.        ]\n",
      "  [ 0.          0.          0.          0.          0.\n",
      "    0.          0.          0.          0.          0.        ]\n",
      "  [ 0.          0.          0.          0.          0.\n",
      "    0.          0.          0.          0.          0.        ]\n",
      "  [ 0.          0.          0.          0.          0.\n",
      "    0.          0.          0.          0.          0.        ]\n",
      "  [ 0.          0.          0.          0.          0.\n",
      "    0.          0.          0.          0.          0.        ]\n",
      "  [ 0.          0.          0.          0.          0.\n",
      "    0.          0.          0.          0.          0.        ]\n",
      "  [ 0.          0.          0.          0.          0.\n",
      "    0.          0.          0.          0.          0.        ]\n",
      "  [ 0.58914086 -3.36077588 -1.46078008  3.18070181 -1.82640179\n",
      "    0.76825288  0.93853935 -0.41654597 -1.16479777 -0.93316141]]]\n"
     ]
    }
   ],
   "source": [
    "import numdifftools as nd\n",
    "\n",
    "f = lambda x :  x**2\n",
    "\n",
    "jacobian = nd.Jacobian(f)(mat)\n",
    "print(jacobian)"
   ]
  },
  {
   "cell_type": "code",
   "execution_count": 21,
   "metadata": {},
   "outputs": [
    {
     "name": "stdout",
     "output_type": "stream",
     "text": [
      "<function unary_to_nary.<locals>.nary_operator.<locals>.nary_f at 0x000001B396BFF168>\n"
     ]
    }
   ],
   "source": [
    "#jacobian matrix\n",
    "from autograd import jacobian\n",
    "\n",
    "jacobian = jacobian(mat)\n",
    "print(jacobian)"
   ]
  },
  {
   "cell_type": "markdown",
   "metadata": {},
   "source": [
    "## Part 2.2: Logistic Regression using newton method"
   ]
  },
  {
   "cell_type": "markdown",
   "metadata": {
    "colab_type": "text",
    "id": "1LWrifqkf_Kj"
   },
   "source": [
    "### Logistic regression\n",
    "Logistic regression uses an equation as the representation, very much like linear regression.\n",
    "\n",
    "Input values (x) are combined linearly using weights or coefficient values (referred to as W) to predict an output value (y). A key difference from linear regression is that the output value being modeled is a binary values (0 or 1) rather than a continuous value.<br>\n",
    "\n",
    "###  $\\hat{y}(w, x) = \\frac{1}{1+exp^{-(w_0 + w_1 * x_1 + ... + w_p * x_p)}}$\n",
    "\n",
    "#### Dataset\n",
    "The dataset is available at <strong>\"data/diabetes_data.csv\"</strong> in the respective challenge's repo.<br>\n",
    "<strong>Original Source:</strong> http://archive.ics.uci.edu/ml/machine-learning-databases/00529/diabetes_data_upload.csv. The dataset just got released in July 2020.<br><br>\n",
    "\n",
    "#### Features (X)\n",
    "\n",
    "1. Age                - Values ranging from 16-90\n",
    "2. Gender             - Binary value (Male/Female)\n",
    "3. Polyuria           - Binary value (Yes/No)\n",
    "4. Polydipsia         - Binary value (Yes/No)\n",
    "5. sudden weight loss - Binary value (Yes/No)\n",
    "6. weakness           - Binary value (Yes/No)\n",
    "7. Polyphagia         - Binary value (Yes/No)\n",
    "8. Genital thrush     - Binary value (Yes/No)\n",
    "9. visual blurring    - Binary value (Yes/No)\n",
    "10. Itching           - Binary value (Yes/No)\n",
    "11. Irritability      - Binary value (Yes/No)\n",
    "12. delayed healing   - Binary value (Yes/No)\n",
    "13. partial paresis   - Binary value (Yes/No)\n",
    "14. muscle stiffness  - Binary value (Yes/No)\n",
    "15. Alopecia          - Binary value (Yes/No)\n",
    "16. Obesity           - Binary value (Yes/No)\n",
    "\n",
    "#### Output/Target target (Y) \n",
    "17. class - Binary class (Positive/Negative)\n",
    "\n",
    "#### Objective\n",
    "To learn logistic regression and practice handling of both numerical and categorical features\n",
    "\n",
    "#### Tasks\n",
    "- Download, load the data and print first 5 and last 5 rows\n",
    "- Transform categorical features into numerical features. Use label encoding or any other suitable preprocessing technique\n",
    "- Since the age feature is in larger range, age column can be normalized into smaller scale (like 0 to 1) using different methods such as scaling, standardizing or any other suitable preprocessing technique (Example - sklearn.preprocessing.MinMaxScaler class)\n",
    "- Define X matrix (independent features) and y vector (target feature)\n",
    "- Split the dataset into 60% for training and rest 40% for testing (sklearn.model_selection.train_test_split function)\n",
    "- Train Logistic Regression Model on the training set (sklearn.linear_model.LogisticRegression class)\n",
    "- Use the trained model to predict on testing set\n",
    "- Print 'Accuracy' obtained on the testing dataset i.e. (sklearn.metrics.accuracy_score function)\n",
    "\n",
    "#### Further fun (will not be evaluated)\n",
    "- Plot loss curve (Loss vs number of iterations)\n",
    "- Preprocess data with different feature scaling methods (i.e. scaling, normalization, standardization, etc) and observe accuracies on both X_train and X_test\n",
    "- Training model on different train-test splits such as 60-40, 50-50, 70-30, 80-20, 90-10, 95-5 etc. and observe accuracies on both X_train and X_test\n",
    "- Shuffling of training samples with different *random seed values* in the train_test_split function. Check the model error for the testing data for each setup.\n",
    "- Print other classification metrics such as:\n",
    "    - classification report (sklearn.metrics.classification_report),\n",
    "    - confusion matrix (sklearn.metrics.confusion_matrix),\n",
    "    - precision, recall and f1 scores (sklearn.metrics.precision_recall_fscore_support)\n",
    "\n",
    "#### Helpful links\n",
    "- Scikit-learn documentation for logistic regression: https://scikit-learn.org/stable/modules/generated/sklearn.linear_model.LogisticRegression.html\n",
    "- How Logistic Regression works: https://machinelearningmastery.com/logistic-regression-for-machine-learning/\n",
    "- Feature Scaling: https://scikit-learn.org/stable/modules/preprocessing.html\n",
    "- Training testing splitting: https://scikit-learn.org/stable/modules/generated/sklearn.model_selection.train_test_split.html\n",
    "- Classification metrics in sklearn: https://scikit-learn.org/stable/modules/classes.html#module-sklearn.metrics\n",
    "- Use slack for doubts: https://join.slack.com/t/deepconnectai/shared_invite/zt-givlfnf6-~cn3SQ43k0BGDrG9_YOn4g"
   ]
  },
  {
   "cell_type": "code",
   "execution_count": 47,
   "metadata": {
    "colab": {},
    "colab_type": "code",
    "id": "-i4VgviHf_Kk"
   },
   "outputs": [],
   "source": [
    "import numpy as np\n",
    "import pandas as pd\n",
    "from sklearn.model_selection import train_test_split\n",
    "from sklearn.linear_model import LogisticRegression\n",
    "from sklearn.metrics import accuracy_score\n"
   ]
  },
  {
   "cell_type": "code",
   "execution_count": 48,
   "metadata": {
    "colab": {},
    "colab_type": "code",
    "id": "ooYDzG4SnErt"
   },
   "outputs": [
    {
     "name": "stderr",
     "output_type": "stream",
     "text": [
      "'wget' is not recognized as an internal or external command,\n",
      "operable program or batch file.\n"
     ]
    }
   ],
   "source": [
    "# Download the dataset from the source\n",
    "!wget _URL_"
   ]
  },
  {
   "cell_type": "code",
   "execution_count": 49,
   "metadata": {
    "colab": {},
    "colab_type": "code",
    "id": "XqZrgW_if_Kq"
   },
   "outputs": [
    {
     "data": {
      "text/html": [
       "<div>\n",
       "<style scoped>\n",
       "    .dataframe tbody tr th:only-of-type {\n",
       "        vertical-align: middle;\n",
       "    }\n",
       "\n",
       "    .dataframe tbody tr th {\n",
       "        vertical-align: top;\n",
       "    }\n",
       "\n",
       "    .dataframe thead th {\n",
       "        text-align: right;\n",
       "    }\n",
       "</style>\n",
       "<table border=\"1\" class=\"dataframe\">\n",
       "  <thead>\n",
       "    <tr style=\"text-align: right;\">\n",
       "      <th></th>\n",
       "      <th>Age</th>\n",
       "      <th>Gender</th>\n",
       "      <th>Polyuria</th>\n",
       "      <th>Polydipsia</th>\n",
       "      <th>sudden weight loss</th>\n",
       "      <th>weakness</th>\n",
       "      <th>Polyphagia</th>\n",
       "      <th>Genital thrush</th>\n",
       "      <th>visual blurring</th>\n",
       "      <th>Itching</th>\n",
       "      <th>Irritability</th>\n",
       "      <th>delayed healing</th>\n",
       "      <th>partial paresis</th>\n",
       "      <th>muscle stiffness</th>\n",
       "      <th>Alopecia</th>\n",
       "      <th>Obesity</th>\n",
       "      <th>class</th>\n",
       "    </tr>\n",
       "  </thead>\n",
       "  <tbody>\n",
       "    <tr>\n",
       "      <td>0</td>\n",
       "      <td>40</td>\n",
       "      <td>Male</td>\n",
       "      <td>No</td>\n",
       "      <td>Yes</td>\n",
       "      <td>No</td>\n",
       "      <td>Yes</td>\n",
       "      <td>No</td>\n",
       "      <td>No</td>\n",
       "      <td>No</td>\n",
       "      <td>Yes</td>\n",
       "      <td>No</td>\n",
       "      <td>Yes</td>\n",
       "      <td>No</td>\n",
       "      <td>Yes</td>\n",
       "      <td>Yes</td>\n",
       "      <td>Yes</td>\n",
       "      <td>Positive</td>\n",
       "    </tr>\n",
       "    <tr>\n",
       "      <td>1</td>\n",
       "      <td>58</td>\n",
       "      <td>Male</td>\n",
       "      <td>No</td>\n",
       "      <td>No</td>\n",
       "      <td>No</td>\n",
       "      <td>Yes</td>\n",
       "      <td>No</td>\n",
       "      <td>No</td>\n",
       "      <td>Yes</td>\n",
       "      <td>No</td>\n",
       "      <td>No</td>\n",
       "      <td>No</td>\n",
       "      <td>Yes</td>\n",
       "      <td>No</td>\n",
       "      <td>Yes</td>\n",
       "      <td>No</td>\n",
       "      <td>Positive</td>\n",
       "    </tr>\n",
       "    <tr>\n",
       "      <td>2</td>\n",
       "      <td>41</td>\n",
       "      <td>Male</td>\n",
       "      <td>Yes</td>\n",
       "      <td>No</td>\n",
       "      <td>No</td>\n",
       "      <td>Yes</td>\n",
       "      <td>Yes</td>\n",
       "      <td>No</td>\n",
       "      <td>No</td>\n",
       "      <td>Yes</td>\n",
       "      <td>No</td>\n",
       "      <td>Yes</td>\n",
       "      <td>No</td>\n",
       "      <td>Yes</td>\n",
       "      <td>Yes</td>\n",
       "      <td>No</td>\n",
       "      <td>Positive</td>\n",
       "    </tr>\n",
       "    <tr>\n",
       "      <td>3</td>\n",
       "      <td>45</td>\n",
       "      <td>Male</td>\n",
       "      <td>No</td>\n",
       "      <td>No</td>\n",
       "      <td>Yes</td>\n",
       "      <td>Yes</td>\n",
       "      <td>Yes</td>\n",
       "      <td>Yes</td>\n",
       "      <td>No</td>\n",
       "      <td>Yes</td>\n",
       "      <td>No</td>\n",
       "      <td>Yes</td>\n",
       "      <td>No</td>\n",
       "      <td>No</td>\n",
       "      <td>No</td>\n",
       "      <td>No</td>\n",
       "      <td>Positive</td>\n",
       "    </tr>\n",
       "    <tr>\n",
       "      <td>4</td>\n",
       "      <td>60</td>\n",
       "      <td>Male</td>\n",
       "      <td>Yes</td>\n",
       "      <td>Yes</td>\n",
       "      <td>Yes</td>\n",
       "      <td>Yes</td>\n",
       "      <td>Yes</td>\n",
       "      <td>No</td>\n",
       "      <td>Yes</td>\n",
       "      <td>Yes</td>\n",
       "      <td>Yes</td>\n",
       "      <td>Yes</td>\n",
       "      <td>Yes</td>\n",
       "      <td>Yes</td>\n",
       "      <td>Yes</td>\n",
       "      <td>Yes</td>\n",
       "      <td>Positive</td>\n",
       "    </tr>\n",
       "  </tbody>\n",
       "</table>\n",
       "</div>"
      ],
      "text/plain": [
       "   Age Gender Polyuria Polydipsia sudden weight loss weakness Polyphagia  \\\n",
       "0   40   Male       No        Yes                 No      Yes         No   \n",
       "1   58   Male       No         No                 No      Yes         No   \n",
       "2   41   Male      Yes         No                 No      Yes        Yes   \n",
       "3   45   Male       No         No                Yes      Yes        Yes   \n",
       "4   60   Male      Yes        Yes                Yes      Yes        Yes   \n",
       "\n",
       "  Genital thrush visual blurring Itching Irritability delayed healing  \\\n",
       "0             No              No     Yes           No             Yes   \n",
       "1             No             Yes      No           No              No   \n",
       "2             No              No     Yes           No             Yes   \n",
       "3            Yes              No     Yes           No             Yes   \n",
       "4             No             Yes     Yes          Yes             Yes   \n",
       "\n",
       "  partial paresis muscle stiffness Alopecia Obesity     class  \n",
       "0              No              Yes      Yes     Yes  Positive  \n",
       "1             Yes               No      Yes      No  Positive  \n",
       "2              No              Yes      Yes      No  Positive  \n",
       "3              No               No       No      No  Positive  \n",
       "4             Yes              Yes      Yes     Yes  Positive  "
      ]
     },
     "execution_count": 49,
     "metadata": {},
     "output_type": "execute_result"
    }
   ],
   "source": [
    "# NOTE: DO NOT CHANGE THE VARIABLE NAME(S) IN THIS CELL\n",
    "# Load the data\n",
    "data = pd.read_csv('data/diabetes_data.csv')\n",
    "data.head()"
   ]
  },
  {
   "cell_type": "code",
   "execution_count": 50,
   "metadata": {},
   "outputs": [
    {
     "name": "stdout",
     "output_type": "stream",
     "text": [
      "Orginal Dataframe : \n",
      "Columns :  ['Age', 'Gender', 'Polyuria', 'Polydipsia', 'sudden weight loss', 'weakness', 'Polyphagia', 'Genital thrush', 'visual blurring', 'Itching', 'Irritability', 'delayed healing', 'partial paresis', 'muscle stiffness', 'Alopecia', 'Obesity', 'class']\n",
      "No. of rows :  520\n",
      "No. of columns :  17\n"
     ]
    }
   ],
   "source": [
    "print(\"Orginal Dataframe : \")\n",
    "print(\"Columns : \", list(data.columns))\n",
    "print(\"No. of rows : \", data.shape[0])\n",
    "print(\"No. of columns : \", data.shape[1])"
   ]
  },
  {
   "cell_type": "code",
   "execution_count": 51,
   "metadata": {},
   "outputs": [
    {
     "data": {
      "text/html": [
       "<div>\n",
       "<style scoped>\n",
       "    .dataframe tbody tr th:only-of-type {\n",
       "        vertical-align: middle;\n",
       "    }\n",
       "\n",
       "    .dataframe tbody tr th {\n",
       "        vertical-align: top;\n",
       "    }\n",
       "\n",
       "    .dataframe thead th {\n",
       "        text-align: right;\n",
       "    }\n",
       "</style>\n",
       "<table border=\"1\" class=\"dataframe\">\n",
       "  <thead>\n",
       "    <tr style=\"text-align: right;\">\n",
       "      <th></th>\n",
       "      <th>Age</th>\n",
       "      <th>Gender</th>\n",
       "      <th>Polyuria</th>\n",
       "      <th>Polydipsia</th>\n",
       "      <th>sudden weight loss</th>\n",
       "      <th>weakness</th>\n",
       "      <th>Polyphagia</th>\n",
       "      <th>Genital thrush</th>\n",
       "      <th>visual blurring</th>\n",
       "      <th>Itching</th>\n",
       "      <th>Irritability</th>\n",
       "      <th>delayed healing</th>\n",
       "      <th>partial paresis</th>\n",
       "      <th>muscle stiffness</th>\n",
       "      <th>Alopecia</th>\n",
       "      <th>Obesity</th>\n",
       "      <th>class</th>\n",
       "    </tr>\n",
       "  </thead>\n",
       "  <tbody>\n",
       "    <tr>\n",
       "      <td>0</td>\n",
